4.124544049,
4.022615705,
4.029346084,
4.039647818,
4.066505546,
4.037767896,
4.051290620,
4.065505681,
4.049167735,
4.075269031,
4.061430938,
4.072686789,
4.036226765,
3.959728073,
4.029403201,
4.084886343,
4.025099098,
4.082463830,
4.010734178,
4.104239240,
4.040991249,
4.083333630,
4.031041378,
4.060528622,
4.044326783,
4.053646449,
4.053336565,
4.096996267,
4.062384686,
4.129010082,
4.094840398,
4.049942090,
4.049645054,
4.093461626,
4.065410304,
4.037358364,
4.046844515,
4.045508948,
4.055211496,
4.062132338,
4.062469794,
4.024240574,
4.042793595,
4.016404534,
4.057387797,
4.070949425,
4.066201366,
4.043890236,
4.018512156,
4.095184625,
4.062649852,
4.066837729,
4.074898852,
4.045929602,
4.062101542,
4.061316860,
4.059320541,
4.051252072,
4.046605547,
4.072581092,
4.068650214,
4.073045968,
4.017703537,
4.069521055,
4.026970936,
4.072455656,
4.072609647,
4.054927541,
4.061898433,
4.058335652,
4.001757779,
4.070560326,
4.004364510,
4.044092766,
4.079334740,
4.050894725,
4.056124681,
4.068169010,
4.048472313,
4.048065820,
4.038452174,
4.088005419,
4.059603547,
4.039380101,
4.062578092,
4.060460802,
4.058752093,
4.063264109,
4.024921875,
4.040727012,
4.063475893,
4.106293366,
4.055935853,
4.022887773,
4.027144343,
4.086667920,
4.055017685,
4.081402901,
4.084939021,
4.046073478,
