4.911921762
4.870774353
4.855527231
4.834289066
4.862470539
4.872483019
4.871039489
4.905140754
4.901976055
4.897449938
4.862434362
4.880669933
4.921487924
4.900206958
4.888474198
4.888359452
4.903214090
4.922576953
4.857967399
4.901221165
4.892961296
4.891330567
4.908524068
4.848350881
4.919079558
4.888545607
4.870255078
4.876452612
4.845274784
4.779420694
4.949383622
4.905455141
4.902346990
4.883466228
4.896195712
4.877347608
4.914834565
4.842896963
4.969165686
4.883837908
4.854622852
4.814478806
4.980294561
4.961886338
5.039923733
4.871552546
4.885197830
4.840679721
4.884354223
4.892040842
4.878498148
5.466129609
4.905262796
4.868378227
4.896373314
4.887482909
4.891725002
4.912502807
4.874670529
4.876812733
4.882846882
4.907627654
5.375093635
4.906317287
4.918472090
4.858187082
4.902000156
4.842141466
4.925316436
4.819598053
4.901373562
4.857832966
4.878180897
4.887554902
4.885581312
4.910221526
4.859634210
4.838976757
4.866604703
4.840383704
4.854530248
4.894933671
4.879173362
4.904368558
4.918139104
4.855763400
4.899158979
4.874649258
4.904604126
4.845029605
4.877976559
4.855238166
4.853827093
4.941421395
4.849702384
4.816369538
4.885127459
4.932281027
4.911651578
4.876897732
