4.090958195,
4.061877384,
4.043308367,
4.063728891,
4.059373570,
4.095643387,
4.106953406,
4.121885789,
4.086908661,
4.092283954,
4.124957851,
4.163894055,
4.060503383,
4.112362189,
4.104024315,
4.063575823,
4.031402830,
4.091998783,
4.084358382,
4.115680990,
4.079952202,
4.168646261,
4.133145584,
4.141640799,
4.059990047,
4.135832643,
4.091536916,
4.110403077,
4.104809579,
4.112679714,
4.132012707,
4.135813103,
4.063649208,
4.133604438,
4.120080770,
4.098351252,
4.114222487,
4.151906139,
4.189690549,
4.107528880,
4.109694959,
4.121424615,
4.068643142,
4.152109517,
4.170644016,
4.123432988,
4.118598142,
4.126417598,
4.131023847,
4.092894742,
4.131698106,
4.141302644,
4.149284519,
4.073108995,
4.133660614,
4.085886655,
4.065142119,
4.140599773,
4.136058739,
4.082811161,
4.155836919,
4.111345104,
4.124895952,
4.083559701,
4.113326178,
4.125207276,
4.083358193,
4.091541271,
4.145215832,
4.124761966,
4.108519501,
4.095761849,
4.089991316,
4.160292330,
4.093335307,
4.114120003,
4.077091009,
4.132073766,
4.075717313,
4.079356552,
4.136564713,
4.115758439,
4.103943616,
4.143308664,
4.074272554,
4.105830411,
4.074766981,
4.132338720,
4.115629394,
4.074190654,
4.132078826,
4.162849665,
4.123960156,
4.136955135,
4.126438314,
4.125398070,
4.107015772,
4.110541574,
4.110757752,
4.092957372,
