4.295889215,
4.174281153,
4.206497318,
4.209461962,
4.251330305,
4.205816361,
4.210304462,
4.220298453,
4.237761587,
4.240912450,
4.184363549,
4.064965139,
4.215336077,
4.235870524,
4.214416659,
4.203096535,
4.207602505,
4.210306302,
4.224732936,
4.267402037,
4.227500323,
4.253290270,
4.211718888,
4.233705278,
4.258351817,
4.226905533,
4.236747119,
4.189180642,
4.206131877,
4.240794109,
4.225638322,
4.224260184,
4.211731734,
4.239482127,
4.204933372,
4.234763412,
4.226868349,
4.256895590,
4.294386482,
4.250794228,
4.251271241,
4.235821644,
4.221756514,
4.256996034,
4.247505599,
4.249735381,
4.245957597,
4.258086536,
4.208194535,
4.235194985,
4.207036933,
4.250205970,
4.209423386,
4.250620447,
4.255308227,
4.233807813,
4.270381146,
4.251969709,
4.262736720,
4.212973973,
4.198616542,
4.100842246,
4.254499260,
4.240261696,
4.233142761,
4.243578260,
4.241799073,
4.280029559,
4.248613247,
4.176860565,
4.240281474,
4.238874226,
4.261319212,
4.200330403,
4.261230416,
4.242945057,
4.274993768,
4.233432236,
4.216434011,
4.260118350,
4.211815968,
4.218297808,
4.201421669,
4.256647934,
4.218673928,
4.237471181,
4.262079941,
5.148999187,
4.227898261,
4.266364130,
4.218641203,
4.240558791,
4.239334350,
4.250235273,
4.241173494,
4.247501481,
4.203758085,
4.240308636,
4.245882281,
4.222278150,
