4.870980256
4.806160959
4.688108787
4.653984831
4.681229419
4.748648311
4.764006613
4.725414663
4.699914076
4.752732893
4.715492194
4.741023584
4.742068461
4.729492141
4.757233788
4.732369731
4.727473898
4.724072969
4.760848922
4.734457446
4.773304845
4.714134590
4.748933506
4.562897484
4.755339581
4.795853299
4.700566543
4.728819143
4.724601157
4.743052182
4.735126486
4.752092282
4.734300157
4.693232553
4.747041894
4.798991109
4.695788601
4.722449562
4.701689073
4.723957721
4.735800022
4.746766085
4.774841931
4.770056920
4.720231126
4.715155455
4.744289620
4.764932917
4.790966271
4.740728418
4.738738588
4.767459372
4.739740615
4.803956932
4.733846678
4.767953333
4.774441188
4.834165172
4.740041362
4.764707771
4.773722484
4.835744321
4.714694305
4.730640600
4.757457745
4.751501695
4.770544483
4.734326124
4.749121303
4.742387260
4.719977464
4.714007997
4.729455219
4.751440076
4.725600095
4.736419455
4.764381887
4.749818421
4.781570154
4.709146194
4.760914449
4.753701388
4.772269559
4.812901549
4.774696120
4.760225959
4.787789324
4.789577981
4.806100484
4.720647629
4.741710715
4.755812480
4.757259400
4.683304445
4.754613178
4.727861950
4.746618666
4.698268951
4.763062815
4.744363540
