4.520576773,
4.096496905,
4.072253773,
4.111821896,
4.092441246,
4.120811307,
4.117533202,
4.124429792,
4.157455840,
4.066674499,
4.100337294,
4.097364119,
4.101921773,
4.127953902,
4.134875747,
4.072567298,
4.121648092,
4.146506763,
4.130168899,
4.091185651,
4.111134886,
4.134996359,
4.110218760,
4.084856062,
4.115587216,
4.127837580,
4.148218581,
4.034190530,
4.106861672,
4.106104674,
4.116532497,
4.101908710,
4.089002980,
4.103466555,
4.130777600,
4.129658744,
4.107081708,
4.104006127,
4.118090975,
4.091480405,
4.130057089,
4.155177461,
4.965927679,
4.097700934,
4.307661293,
4.213333387,
4.111486040,
4.120501325,
4.097716261,
4.115080325,
4.098104863,
4.111489319,
4.107799235,
6.133096628,
4.121551782,
4.120343110,
4.126578862,
4.181206685,
4.064825279,
4.117864185,
4.107700849,
4.124568602,
4.095835862,
4.117285784,
4.166174401,
4.933166477,
4.117382199,
4.091430825,
4.165994201,
4.125256951,
4.110070945,
4.124213870,
4.065548423,
4.098410256,
4.119160472,
4.130097390,
4.102842272,
4.105245843,
4.124418833,
4.099500143,
4.085690363,
4.120916068,
4.117727576,
4.083275322,
4.130764634,
4.144562112,
4.127853323,
4.132287962,
4.141447082,
4.120385594,
4.125692834,
4.110047043,
4.098807287,
4.130055346,
4.103601679,
4.094717801,
4.121645855,
4.103138693,
4.123930394,
4.100007412,
