4.733562112,
4.672655065,
4.690295591,
4.639804023,
4.700074238,
4.676298699,
4.702507242,
4.680822698,
4.687076508,
4.679122474,
4.689292497,
4.632885966,
4.691475480,
4.654539884,
4.722747265,
4.628158314,
4.682931203,
4.699199157,
4.680281334,
4.697220416,
4.678985074,
4.728291018,
4.684211130,
4.694960224,
4.638250806,
4.668786166,
4.699408158,
4.655260538,
4.672508623,
4.593689926,
4.702529911,
4.635240288,
4.664595282,
4.644933952,
4.682903804,
4.684862783,
4.719159603,
4.667342956,
4.674057738,
4.641157692,
4.667339658,
4.666402342,
4.704816896,
4.670810143,
4.681736598,
4.641366605,
4.663062817,
4.674535865,
4.711945947,
4.678231613,
4.668307451,
4.673553618,
4.730218986,
4.673912287,
4.659865767,
4.673561100,
4.686207017,
4.698990893,
4.665566524,
4.750653504,
4.664858740,
4.651053955,
4.579343823,
4.695552748,
4.644132313,
4.568837112,
5.854756238,
5.051051555,
4.676192668,
4.711491271,
4.651606795,
4.700499879,
4.714968344,
4.681509360,
4.640900680,
4.722317074,
5.279601137,
4.702519188,
4.675645311,
4.672281008,
4.725617896,
4.913860556,
4.683863662,
4.682810253,
4.665289805,
4.716938215,
4.739788898,
4.697310832,
4.629197153,
4.694061209,
4.673648001,
4.685834861,
4.731606155,
4.736845379,
4.703457734,
4.682260549,
4.721964242,
4.696653847,
4.758968449,
4.672949269,
