5.914251933
5.986692510
5.944472848
6.032419989
5.890918549
5.958564610
5.957709468
5.903027633
5.972187410
5.915852591
5.877007658
6.006359024
5.926941945
5.964508595
5.952770692
5.954718041
5.942880663
6.053518728
5.961825535
5.977484687
5.959988473
5.909461723
5.937171358
5.936638182
5.942880265
5.969706843
6.036385629
5.941673925
5.956118670
5.990386308
5.932795808
5.960952586
5.937975846
5.989095753
5.853090613
5.992674992
5.970787154
5.940508861
5.941887953
5.972585929
5.938666110
5.819910101
5.906335940
5.917697938
5.939884050
5.941746662
5.889173558
5.957561027
5.972214944
5.984699438
5.965111250
6.001271414
5.990064373
5.933856859
6.006520913
5.868651841
5.991043709
5.938132754
5.955460136
5.961420940
5.939223203
5.955310442
5.906917442
5.882780132
5.983382994
5.792011984
5.982054398
5.991124725
5.981063648
5.907942924
5.987638764
5.928921529
5.894123781
5.926392694
5.901585410
6.767170033
5.986204727
5.923897275
5.967184978
5.966211867
5.966008860
5.975665043
5.993580845
5.979085582
5.981256357
6.004279383
5.976387059
5.961337174
5.999462380
5.953011321
6.015680297
5.949546753
5.991842548
5.939020335
5.943979332
5.869323456
6.000676384
6.063751492
5.918213378
5.975836262
